1|0|5|4
2|0|1|3
3|1|1|4
4|2|2|4
5|2|2|4
6|2|2|4
7|2|2|4
8|2|2|4
9|3|2|5
10|4|1|3
11|4|1|3
12|5|6|3
13|6|1|4
14|7|2|5
15|7|2|4
16|7|3|4
17|7|2|4
18|7|1|4
19|7|1|2
20|7|1|3
21|8|1|3
22|8|2|2
23|8|2|4
24|8|2|5
25|8|2|5
26|9|2|4
27|10|1|5
28|10|1|5
29|10|1|5
30|10|3|4
31|10|1|5
32|10|1|5
33|10|1|4
34|10|1|3
35|10|1|4
36|10|1|2
37|10|10|4
38|10|3|4
39|10|3|4
40|10|1|5
41|10|1|5
42|10|1|4
43|10|1|4
44|10|2|4
45|10|1|4
46|10|1|5
47|10|1|3
48|10|1|4
49|10|1|4
50|10|1|4
51|10|2|3
52|10|1|3
53|10|1|5
54|10|1|4
55|10|1|4
56|10|1|4
57|10|1|4
58|10|4|5
59|10|1|5
60|10|1|4
61|10|1|2
62|10|2|4
63|10|1|3
64|10|2|4
65|10|1|4
66|10|3|2
67|10|1|3
68|10|2|4
69|10|1|4
70|10|5|4
71|10|2|4
72|10|1|4
73|10|2|4
74|10|2|4
75|10|2|4
76|10|1|3
77|10|2|4
78|10|1|3
79|10|1|4
80|10|2|1
81|10|1|3
82|10|1|4
83|10|1|4
84|10|1|3
85|10|1|3
86|10|4|3
87|10|2|4
88|10|2|4
89|10|1|4
90|10|1|4
91|10|1|4
92|10|1|3
93|10|2|4
94|10|1|3
95|10|1|3
96|10|2|4
97|10|1|4
98|10|1|3
99|10|1|4
100|10|1|3
101|10|1|4
102|10|2|4
103|10|1|4
104|10|1|4
105|10|3|5
106|10|1|4
107|10|2|5
108|10|2|5
109|10|1|3
110|10|1|3
111|10|1|2
112|10|1|4
113|10|1|3
114|11|2|4
115|11|1|4
116|11|1|3
117|12|2|3
118|13|1|4
119|13|2|5
120|14|1|4
121|15|1|3
122|16|1|4
123|17|2|5
124|18|3|5
125|19|1|5
126|19|2|4
127|20|3|5
128|21|1|4
129|22|3|5
130|23|4|3
131|24|1|3
132|25|3|4
133|25|2|4
134|25|2|4
135|26|1|5
136|26|2|5
137|27|5|4
138|29|1|4
139|30|2|5
140|30|2|4
141|30|1|4
142|31|1|4
143|31|1|5
144|31|1|4
145|31|1|4
146|32|4|5
147|32|3|5
148|32|5|5
149|32|1|5
150|32|2|4
151|32|1|5
152|32|1|4
153|32|1|4
154|32|1|4
155|32|1|4
156|32|1|4
157|32|1|3
158|32|2|4
159|32|1|5
160|32|2|4
161|32|1|4
162|32|1|4
163|32|2|4
164|32|1|4
165|32|2|5
166|32|1|4
167|32|1|3
168|32|1|5
169|32|1|4
170|32|3|5
171|32|1|4
172|32|1|14
173|32|1|5
174|32|3|1
175|33|3|4
176|34|2|4
177|35|4|4
178|35|3|5
179|36|2|4
180|36|2|5
181|37|1|4
182|38|1|4
183|39|1|4
184|39|1|4
185|39|1|4
186|39|2|4
187|39|2|4
188|39|1|4
189|40|2|5
190|40|4|4
191|40|1|5
192|40|2|3
193|40|1|5
194|40|5|4
195|40|4|5
196|40|1|5
197|40|1|5
198|40|2|4
199|40|1|5
200|40|2|5
201|40|5|4
202|40|1|4
203|40|1|4
204|40|6|4
205|40|2|4
206|40|2|5
207|40|2|4
208|40|1|3
209|40|2|4
210|40|2|4
211|40|2|4
212|40|1|4
213|40|1|5
214|40|4|5
215|40|2|5
216|40|1|4
217|40|2|4
218|40|2|4
219|40|2|4
220|40|2|4
221|40|1|5
222|40|1|4
223|40|2|4
224|40|1|5
225|40|1|5
226|40|1|3
227|40|1|5
228|40|2|5
229|40|1|4
230|40|1|5
231|40|1|5
232|40|2|5
233|40|2|4
234|40|2|4
235|40|3|4
236|40|2|4
237|40|3|4
238|40|1|4
239|40|3|4
240|40|1|2
241|40|2|2
242|40|1|4
243|40|1|5
244|40|2|3
245|40|2|4
246|40|1|4
247|40|2|5
248|41|2|4
249|42|2|4
250|42|1|4
251|42|2|5
252|43|2|4
253|44|1|4
254|45|1|3
255|46|1|4
256|46|2|4
257|47|2|5
258|47|2|4
259|47|2|5
260|47|2|4
261|48|2|4
262|49|2|3
263|49|2|4
264|49|2|4
265|49|1|4
266|49|1|5
267|49|1|4
268|49|1|4
269|49|1|4
270|49|2|5
271|49|1|4
272|49|2|4
273|49|2|4
274|49|1|4
275|49|1|4
276|49|1|3
277|49|2|4
278|49|1|3
279|49|3|4
280|49|1|4
281|50|2|5
282|50|1|4
283|50|1|4
284|50|1|4
285|50|1|4
286|50|1|3
287|50|1|4
288|50|1|4
289|51|3|5
290|52|2|4
291|53|3|5
292|54|5|4
293|55|1|4
294|56|1|3
295|57|2|4
296|58|1|2
297|58|1|2
298|59|2|4
299|60|1|4
300|61|1|3
301|62|2|4
302|62|3|4
303|62|3|4
304|63|2|1
305|64|2|5
306|65|1|3
307|66|1|3
308|66|2|4
309|66|2|4
310|66|1|4
311|66|2|4
312|66|2|4
313|66|2|4
314|66|1|4
315|66|1|5
316|66|2|3
317|66|1|4
318|66|1|4
319|66|1|4
320|66|1|4
321|66|2|4
322|66|1|4
323|66|1|4
324|66|1|3
325|66|2|4
326|66|2|4
327|66|2|4
328|66|1|4
329|66|2|5
330|66|1|4
331|66|1|3
332|66|1|5
333|66|2|4
334|66|2|4
335|66|1|1
336|67|12|5
337|68|1|5
338|69|1|4
339|70|1|3
340|70|2|5
341|70|2|5
342|71|2|4
343|72|1|4
344|73|4|5
345|74|3|3
346|74|1|4
347|74|1|4
348|75|2|3
349|76|1|5
350|76|2|4
351|76|3|4
352|76|1|5
353|76|2|4
354|76|2|5
355|77|1|3
356|77|1|4
357|78|1|5
358|79|2|4
359|79|2|4
360|80|1|5
361|80|3|5
362|80|2|4
363|81|2|4
364|82|1|4
365|83|1|4
366|84|2|5
367|85|2|4
368|85|3|4
369|85|3|4
370|85|2|4
371|85|2|3
372|85|1|3
373|85|1|4
374|85|1|5
375|85|1|3
376|85|1|3
377|85|1|3
378|85|1|4
379|85|2|4
380|85|1|4
381|85|1|4
382|85|2|5
383|85|2|5
384|85|1|4
385|85|1|5
386|85|1|2
387|85|3|5
388|85|1|4
389|85|1|4
390|85|1|3
391|85|1|3
392|85|1|4
393|85|1|5
394|86|3|4
395|86|2|4
396|86|2|4
397|86|3|5
398|86|2|4
399|86|1|4
400|87|1|4
401|88|1|3
402|88|1|3
403|89|1|4
404|89|1|4
405|89|1|4
406|89|1|4
407|89|1|4
408|89|1|4
409|89|1|4
410|89|1|4
411|89|2|5
412|89|1|3
413|89|3|4
414|89|1|3
415|89|1|4
416|90|3|5
417|91|4|4
418|92|1|5
419|93|2|5
420|93|3|5
421|94|2|5
422|94|6|4
423|94|1|4
424|94|3|4
425|94|1|4
426|94|2|3
427|94|2|5
428|94|3|5
429|94|1|4
430|94|3|4
431|94|1|4
432|94|1|5
433|94|2|3
434|94|1|5
435|94|1|3
436|94|1|3
437|94|1|5
438|94|1|4
439|94|1|3
440|94|5|4
441|94|1|5
442|94|1|4
443|94|1|3
444|95|2|4
445|95|2|4
446|95|1|5
447|95|2|4
448|95|1|4
449|95|2|4
450|96|1|2
451|96|1|5
452|96|2|5
453|96|1|4
454|96|1|5
455|96|2|4
456|96|1|4
457|96|3|4
458|96|1|5
459|96|2|4
460|96|1|4
461|96|2|4
462|96|2|3
463|96|1|4
464|96|1|4
465|96|1|4
466|96|2|4
467|96|1|4
468|96|2|4
469|96|1|4
470|96|1|5
471|96|1|4
472|96|2|5
473|96|1|4
474|96|1|4
475|96|1|4
476|96|1|4
477|96|1|4
478|96|1|4
479|96|1|4
480|96|1|4
481|96|1|3
482|96|1|3
483|97|1|4
484|98|3|4
485|99|3|5
486|99|3|5
487|100|1|2
488|101|2|5
489|101|1|4
490|101|5|4
491|101|2|5
492|101|4|5
493|101|4|5
494|101|5|5
495|101|2|4
496|102|2|4
497|102|2|3
498|103|2|4
499|103|1|4
500|103|1|4
501|104|1|4
502|105|3|5
503|106|2|5
504|106|2|4
505|106|1|4
506|106|2|4
507|106|1|4
508|106|1|5
509|106|1|5
510|106|1|4
511|106|1|5
512|106|1|4
513|106|1|2
514|106|1|5
515|106|1|4
516|106|1|3
517|106|1|4
518|107|1|4
519|108|1|3
520|108|2|3
521|108|1|5
522|108|2|4
523|108|2|5
524|108|3|4
525|108|2|4
526|108|1|5
527|108|1|4
528|108|1|4
529|108|1|3
530|108|1|3
531|108|1|3
532|109|1|3
533|109|2|5
534|109|2|4
535|109|2|4
536|109|2|4
537|109|1|5
538|109|2|4
539|109|2|5
540|109|2|4
541|109|1|4
542|109|1|5
543|109|1|4
544|109|1|5
545|110|1|5
546|110|1|3
547|110|2|4
548|110|2|3
549|110|1|4
550|110|1|4
551|110|2|4
552|111|1|4
553|111|2|3
554|112|1|3
555|113|2|4
556|113|3|5
557|114|5|5
558|114|5|5
559|115|1|4
560|116|2|4
561|116|1|5
562|116|1|5
563|116|2|4
564|117|1|5
565|117|5|5
566|117|1|4
567|117|1|5
568|117|2|5
569|117|1|4
570|117|1|4
571|117|1|4
572|117|1|4
573|117|2|5
574|117|1|4
575|117|1|4
576|117|1|4
577|117|1|4
578|117|1|3
579|117|1|4
580|117|1|3
581|117|2|4
582|117|1|3
583|117|1|3
584|117|1|3
585|117|2|4
586|117|1|4
587|118|2|4
588|118|2|4
589|118|2|4
590|118|1|4
591|118|1|4
592|118|1|3
593|119|1|3
594|119|1|3
595|120|1|4
596|120|3|4
597|121|1|3
598|122|2|2
599|123|2|4
600|123|1|2
601|124|2|4
602|124|1|4
603|125|4|3
604|126|3|4
605|126|3|5
606|126|1|5
607|126|2|4
608|126|1|3
609|126|1|4
610|126|2|5
611|126|2|4
612|126|1|4
613|126|2|4
614|126|2|4
615|126|7|3
616|126|1|4
617|126|1|4
618|126|1|3
619|126|2|3
620|127|2|4
621|127|1|5
622|127|2|4
623|127|2|4
624|127|1|3
625|127|1|4
626|127|1|4
627|127|2|3
628|128|1|4
629|128|1|3
630|129|2|3
631|129|1|3
632|129|1|3
633|129|3|3
634|129|4|4
635|130|1|4
636|131|1|5
637|131|2|3
638|131|4|4
639|132|1|5
640|132|1|4
641|132|1|4
642|132|1|4
643|132|2|4
644|132|1|3
645|132|1|3
646|132|1|4
647|132|1|4
648|132|1|3
649|133|2|4
650|133|5|4
651|133|2|5
652|134|1|4
653|134|2|4
654|135|4|4
655|135|1|4
656|135|1|5
657|136|4|4
658|137|1|4
659|137|1|4
660|138|2|4
661|138|2|5
662|138|1|4
663|139|1|4
664|140|2|4
665|140|3|5
666|140|1|4
667|140|1|4
668|140|1|4
669|140|2|2
670|140|2|4
671|140|1|5
672|140|1|4
673|140|2|3
674|140|1|3
675|140|1|4
676|140|1|4
677|140|1|3
678|140|1|4
